Size	Ponder	Price
1		281		285
2		147		468
3		30		892
4		438		284
5		843		230
6		413		831
7		395		222
8		830		714
9		783		314
10		313		649
11		955		751
12		443		279
13		319		739
14		600		136
15		370		907
16		277		47
17		428		714
18		465		503
19		22		247
20		462		151
21		969		141
22		352		958
23		91		576
24		639		632
25		842		876
26		422		392
27		882		654
28		157		753
29		59		392
30		75		566
31		973		467
32		109		711
33		582		650
34		469		77
35		961		607
36		995		18
37		224		660
38		162		493
39		854		308
40		427		44
41		539		43
42		572		234
43		325		734
44		172		732
45		883		355
46		497		616
47		329		933
48		671		321
49		882		692
50		265		252
51		541		306
52		677		408
53		520		609
54		137		606
55		422		907
56		158		493
57		578		68
58		993		323
59		669		216
60		248		151
61		53		966
62		752		83
63		118		42
64		993		75
65		760		982
66		159		525
67		445		619
68		510		876
69		318		55
70		689		535
71		564		222
72		972		584
73		297		464
74		161		230
75		572		208
76		207		703
77		308		987
78		791		959
79		416		156
80		168		593
81		347		546
82		35		435
83		713		373
84		779		369
85		768		590
86		920		23
87		787		959
88		653		765
89		871		688
90		191		653
91		474		617
92		147		683
93		710		884
94		509		737
95		473		697
96		442		197
97		998		925
98		670		223
99		690		417
100		730		633
101		530		990
102		26		953
103		761		603
104		410		955
105		118		941
106		288		876
107		649		28
108		683		316
109		661		482
110		809		768
111		440		385
112		838		783
113		224		781
114		479		197
115		847		85
116		635		789
117		713		769
118		202		472
119		642		751
120		140		548
121		670		694
122		904		573
123		434		800
124		191		598
125		656		423
126		725		78
127		448		429
128		688		841
129		456		198
130		234		821
131		571		937
132		24		2
133		914		850
134		329		475
135		827		399
136		76		526
137		284		995
138		51		883
139		561		230
140		150		56
141		651		734
142		240		587
143		1		409
144		140		381
145		650		173
146		752		639
147		596		885
148		912		577
149		814		778
150		758		550
151		628		381
152		692		842
153		367		383
154		279		296
155		47		672
156		430		367
157		516		264
158		576		26
159		135		199
160		69		13
161		322		877
162		402		955
163		837		865
164		559		860
165		569		865
166		496		564
167		522		309
168		100		833
169		374		245
170		212		917
171		577		203
172		189		591
173		972		999
174		298		397
175		254		822
176		47		673
177		207		122
178		782		281
179		873		373
180		278		539
181		539		850
182		316		934
183		299		283
184		722		924
185		183		664
186		940		258
187		577		401
188		697		198
189		923		199
190		624		401
191		337		979
192		790		456
193		564		629
194		27		687
195		290		119
196		387		186
197		661		646
198		60		202
199		762		475
200		938		322
201		323		631
202		594		443
203		785		829
204		188		458
205		523		984
206		249		69
207		407		917
208		300		82
209		61		81
210		575		156
211		969		454
212		871		11
213		935		397
214		933		409
215		10		611
216		829		2
217		900		719
218		476		250
219		50		954
220		844		585
221		172		279
222		833		105
223		584		444
224		430		709
225		628		685
226		463		588
227		310		654
228		47		882
229		241		933
230		516		553
231		277		694
232		842		892
233		467		496
234		883		988
235		628		729
236		847		218
237		736		411
238		711		34
239		207		959
240		387		982
241		724		114
242		281		648
243		468		331
244		164		155
245		877		64
246		198		831
247		536		138
248		669		150
249		841		704
250		503		507
251		587		352
252		925		211
253		97		763
254		11		71
255		30		833
256		205		510
257		272		805
258		540		1000
259		1		831
260		563		482
261		262		406
262		381		856
263		882		553
264		652		18
265		951		994
266		420		602
267		664		592
268		322		656
269		754		506
270		708		555
271		366		499
272		530		70
273		421		414
274		237		457
275		534		885
276		691		168
277		527		122
278		498		71
279		61		179
280		219		825
281		670		158
282		31		19
283		145		861
284		664		350
285		456		905
286		929		841
287		122		150
288		267		874
289		454		58
290		445		470
291		51		652
292		566		370
293		122		822
294		154		930
295		194		311
296		397		652
297		564		294
298		387		309
299		216		838
300		489		881
301		373		700
302		909		680
303		960		798
304		793		363
305		219		291
306		660		104
307		631		792
308		722		882
309		906		722
310		818		42
311		153		154
312		944		243
313		3		146
314		676		139
315		570		78
316		247		936
317		214		835
318		506		283
319		943		27
320		461		712
321		479		90
322		242		62
323		913		434
324		785		824
325		730		811
326		777		980
327		94		319
328		922		966
329		289		93
330		553		219
331		204		468
332		50		71
333		391		138
334		301		430
335		707		542
336		478		769
337		385		720
338		237		549
339		80		630
340		328		195
341		997		435
342		414		793
343		70		622
344		882		710
345		294		20
346		1000		332
347		331		777
348		587		848
349		254		125
350		397		791
351		905		428
352		70		251
353		46		120
354		181		855
355		141		406
356		842		676
357		193		73
358		677		328
359		893		24
360		805		413
361		50		372
362		219		655
363		202		467
364		830		273
365		231		510
366		460		806
367		324		676
368		282		395
369		577		711
370		400		590
371		471		921
372		431		875
373		762		485
374		94		107
375		233		225
376		495		518
377		229		944
378		888		303
379		309		404
380		688		778
381		516		858
382		468		245
383		910		765
384		592		282
385		937		46
386		982		126
387		892		296
388		728		658
389		720		932
390		115		995
391		669		230
392		519		559
393		992		355
394		615		666
395		887		196
396		675		511
397		914		598
398		195		851
399		547		296
400		669		250
401		376		472
402		498		552
403		468		308
404		792		504
405		609		799
406		69		202
407		659		950
408		232		984
409		223		28
410		285		172
411		738		655
412		235		587
413		717		522
414		831		810
415		338		80
416		256		32
417		622		48
418		882		273
419		758		157
420		494		212
421		70		485
422		930		323
423		379		343
424		510		790
425		481		582
426		308		417
427		628		862
428		251		565
429		593		452
430		967		931
431		978		808
432		538		93
433		739		536
434		908		142
435		150		162
436		49		619
437		599		22
438		249		889
439		363		885
440		984		23
441		322		949
442		471		209
443		237		927
444		426		632
445		880		462
446		99		785
447		60		332
448		138		700
449		879		437
450		821		436
451		763		788
452		50		811
453		175		986
454		787		384
455		179		12
456		658		505
457		497		568
458		72		128
459		676		37
460		950		197
461		884		747
462		588		557
463		588		773
464		236		704
465		711		337
466		782		418
467		208		436
468		604		963
469		172		162
470		76		577
471		479		248
472		67		245
473		509		639
474		506		251
475		804		664
476		472		465
477		817		617
478		14		602
479		165		43
480		773		236
481		960		95
482		896		909
483		739		250
484		313		878
485		786		393
486		770		533
487		30		488
488		559		382
489		273		171
490		657		932
491		570		389
492		569		40
493		161		720
494		205		744
495		172		4
496		848		210
497		859		54
498		667		959
499		149		544
500		914		5
501		641		360
502		506		926
503		358		281
504		261		195
505		351		941
506		276		80
507		235		923
508		679		142
509		513		264
510		410		524
511		768		695
512		906		11
513		431		303
514		38		27
515		877		972
516		451		363
517		836		732
518		283		309
519		548		664
520		387		329
521		835		32
522		357		290
523		300		725
524		209		545
525		361		135
526		103		745
527		638		23
528		967		4
529		721		355
530		671		457
531		335		293
532		234		221
533		199		533
534		849		868
535		631		564
536		547		332
537		194		513
538		983		630
539		240		163
540		150		883
541		119		64
542		557		40
543		671		238
544		456		658
545		631		454
546		568		500
547		769		422
548		218		793
549		769		223
550		929		685
551		709		263
552		330		17
553		72		484
554		409		527
555		605		260
556		157		752
557		589		656
558		605		882
559		791		83
560		312		255
561		278		492
562		902		543
563		654		476
564		902		499
565		412		190
566		409		205
567		539		6
568		746		123
569		281		489
570		644		108
571		602		707
572		696		958
573		381		833
574		4		752
575		827		229
576		321		683
577		652		821
578		364		51
579		8		45
580		722		426
581		865		686
582		781		69
583		937		59
584		753		151
585		350		560
586		102		234
587		605		13
588		183		734
589		730		102
590		148		558
591		939		395
592		459		576
593		80		436
594		753		966
595		583		303
596		642		580
597		822		595
598		45		865
599		793		294
600		710		135
601		48		572
602		624		712
603		716		799
604		510		398
605		546		706
606		376		660
607		409		211
608		446		842
609		703		68
610		298		612
611		950		889
612		209		447
613		388		438
614		924		429
615		989		479
616		841		705
617		601		618
618		910		251
619		408		136
620		277		952
621		295		582
622		697		991
623		658		951
624		359		862
625		744		744
626		501		700
627		863		721
628		469		529
629		229		112
630		880		761
631		655		377
632		465		142
633		691		397
634		25		612
635		5		765
636		613		116
637		220		60
638		527		415
639		727		309
640		415		600
641		42		674
642		317		861
643		480		573
644		106		706
645		743		66
646		583		930
647		605		567
648		837		776
649		977		143
650		120		436
651		726		681
652		662		982
653		882		108
654		432		917
655		262		539
656		675		255
657		42		1000
658		731		643
659		738		889
660		553		623
661		32		479
662		442		321
663		125		214
664		583		41
665		183		853
666		802		438
667		578		590
668		526		368
669		136		646
670		657		598
671		684		360
672		17		563
673		834		931
674		694		760
675		702		561
676		529		771
677		89		893
678		903		210
679		705		694
680		187		780
681		212		722
682		484		209
683		670		960
684		588		819
685		525		720
686		325		250
687		451		264
688		573		227
689		224		105
690		195		951
691		14		962
692		900		913
693		773		640
694		339		571
695		839		153
696		107		635
697		638		889
698		607		124
699		843		355
700		828		395
701		12		976
702		336		969
703		560		827
704		802		472
705		769		546
706		997		454
707		112		164
708		813		439
709		404		982
710		830		413
711		51		498
712		500		679
713		620		246
714		839		624
715		670		840
716		176		158
717		109		593
718		356		920
719		245		77
720		394		563
721		405		588
722		388		122
723		802		944
724		291		90
725		847		103
726		787		569
727		184		634
728		334		197
729		727		491
730		347		970
731		159		771
732		460		161
733		713		514
734		310		84
735		193		88
736		508		38
737		233		513
738		795		297
739		577		558
740		128		874
741		484		577
742		982		776
743		916		739
744		431		931
745		834		841
746		442		114
747		2		261
748		26		853
749		700		189
750		451		764
751		572		709
752		378		490
753		820		345
754		221		330
755		71		117
756		331		773
757		196		566
758		162		566
759		558		611
760		592		560
761		779		186
762		491		691
763		847		351
764		578		337
765		334		271
766		614		523
767		493		678
768		949		232
769		283		281
770		75		896
771		83		104
772		954		684
773		302		520
774		737		876
775		532		574
776		885		382
777		919		6
778		195		942
779		865		706
780		773		314
781		744		115
782		82		549
783		552		292
784		300		326
785		192		546
786		827		3
787		1000		24
788		976		792
789		660		243
790		915		204
791		997		319
792		447		473
793		661		260
794		409		706
795		5		848
796		956		755
797		92		282
798		881		345
799		149		406
800		472		625
801		810		31
802		472		4
803		583		116
804		983		861
805		910		79
806		228		179
807		600		235
808		432		492
809		57		586
810		606		65
811		614		212
812		181		641
813		152		22
814		29		355
815		498		8
816		48		687
817		572		482
818		945		246
819		127		424
820		764		280
821		845		382
822		240		330
823		945		79
824		271		543
825		602		773
826		90		896
827		652		830
828		592		668
829		601		679
830		191		833
831		831		95
832		230		333
833		825		24
834		89		328
835		721		60
836		471		883
837		138		670
838		346		875
839		808		377
840		487		535
841		216		941
842		733		29
843		424		239
844		376		232
845		944		263
846		134		813
847		667		20
848		977		926
849		935		464
850		344		444
851		894		885
852		701		800
853		296		758
854		946		618
855		936		726
856		709		109
857		266		738
858		69		776
859		721		46
860		650		850
861		704		669
862		896		582
863		788		776
864		702		686
865		853		22
866		1		167
867		393		527
868		379		358
869		515		418
870		489		4
871		680		24
872		15		606
873		973		521
874		36		440
875		916		419
876		977		573
877		385		17
878		721		870
879		942		305
880		898		968
881		343		268
882		914		878
883		405		839
884		502		111
885		462		189
886		266		915
887		117		155
888		874		801
889		821		610
890		131		5
891		97		952
892		886		376
893		304		331
894		493		97
895		650		312
896		250		320
897		154		679
898		237		896
899		408		351
900		101		282
901		816		34
902		212		491
903		539		127
904		121		963
905		168		639
906		177		97
907		375		946
908		926		190
909		793		612
910		759		295
911		299		697
912		972		432
913		369		55
914		937		552
915		439		857
916		677		839
917		753		511
918		379		447
919		617		881
920		79		554
921		550		446
922		898		783
923		465		821
924		240		819
925		177		193
926		754		519
927		885		57
928		351		770
929		853		349
930		900		45
931		34		608
932		112		205
933		39		680
934		628		249
935		161		415
936		723		614
937		152		429
938		198		970
939		893		166
940		764		10
941		973		161
942		849		169
943		106		424
944		460		841
945		898		197
946		962		362
947		869		67
948		388		468
949		206		226
950		922		345
951		603		487
952		264		316
953		390		328
954		93		808
955		873		470
956		951		970
957		87		475
958		307		761
959		272		436
960		707		694
961		719		722
962		822		106
963		474		980
964		816		377
965		707		569
966		646		453
967		955		719
968		55		632
969		383		287
970		33		817
971		151		371
972		648		574
973		152		943
974		482		936
975		618		727
976		802		632
977		186		348
978		393		892
979		795		702
980		814		368
981		787		169
982		741		423
983		810		363
984		526		814
985		654		296
986		78		246
987		886		732
988		130		599
989		994		674
990		613		685
991		465		537
992		592		848
993		306		521
994		803		272
995		351		255
996		711		383
997		379		148
998		269		207
999		164		740
1000		48		506
